72525440
57593974
57593008
30026774
68269559
63933719
61777763
61419347
61419196
61419055
61418927
44955984
72743775
64094908
72174889
71439875
71290038
71228750
61709956
66822855
66645904
60660277
59723155
59723042
54857335
54194992
54194841
39734610
39549136
69419170
46572393
38357080
68339855
68339688
68150536
32633436
28996815
53433187
70781378
61770642
65306507
41095222
68269339
67108349
67108311
65277745
61914776
57562259
57561985
55790433
55790401
55790375
55790343
55790303
55790262
55790230
55790110
55790083
55789920
36571791
62099781
71314185
70654841
40427696
34895602
54396728
51195708
45269362
45269301
45268501
45268467
45268443
45268362
45268333
45268281
45268246
45268185
45267306
45267218
45267192
45267142
45267103
45266953
45266934
45266884
45266857
29606398
29559409
29539955
29539863
29478011
29477755
29477685
29477592
29477505
29408412
29396192
29395946
28616022
28585681
28585556
28447328
72945356
72868654
72868616
72868604
70847521
68496375
68495915
68495863
68491592
68491515
68491315
68169743
67545488
66991336
72903079
72902986
68835390
70526752
70526722
68903019
65456118
71948976
71386739
71385863
67166546
67125764
67124691
67010811
63089102
63088986
63088913
62671295
61245774
72671536
72442790
72442617
72018058
71934439
71934320
71934197
71257768
71256940
71256711
71136417
71135984
69928708
69511756
67501927
67017363
60359618
42605806
36528294
72565933
68954910
68953658
68953437
68952438
68950815
68950111
68949899
68948427
68948233
68945651
68944486
70966146
70964516
70842553
61216540
61166561
61166426
39278773
39278109
39277457
39276003
72341231
72341216
72341174
72341161
72341129
72339191
70966167
70717986
70593246
70086164
66414256
71822297
67971975
67971919
67971862
67971777
67971609
67971493
67971438
67971298
67971175
67970837
42693751
29271599
28882003
72949480
37047258
36759191
36730645
36453606
36250064
36249451
36037352
35836009
35730399
35645632
34751466
34413944
33129350
31616588
27827872
22985398
21860032
21241823
71673831
72989142
70897732
60490716
57794341
57739940
57547244
72078041
25017696
71420717
68236491
72135041
71230994
71230979
71230973
67486548
67486490
67486406
65802954
61553382
61553353
61553125
60438578
60438538
63613826
64730316
46703144
71492673
71492628
71492528
71492429
71359844
71359261
71359255
71359252
70864542
70864478
70864350
70864172
72036175
38038590
36229004
36228925
36228750
36228532
36104953
35967468
50075380
61071703
62868549
62809629
72918484
72770932
72328769
24634125
72666871
68820489
68658910
68458518
60988395
55641661
55454181
71408542
54501287
61344437
60878597
60876398
60874920
60358935
60351530
59322069
58349533
56974948
72641543
72155189
72155003
65551675
72754136
67191227
64210535
71654916
71907431
72934765
72934487
72933331
72900908
72898549
72898107
72864198
72758384
72837500
42396987
30068894
30068539
30011259
30010973
29470633
29470034
29469601
29468995
29468531
29407910
29405291
29403951
29403142
29293655
29120868
29119940
29119629
29029697
29028081
71850263
71722359
68971315
68426853
68424737
68422086
68421873
68421575
65332684
72521364
72788028
72787816
68966078
58124896
57679495
57223720
57223450
57221131
57220698
57219826
57219496
57219176
57218987
57205846
57205557
57205237
57204804
57204497
57204190
57203841
57203511
57203334
57203208
65800488
70820699
70819364
70781225
70680083
70679521
70574277
70570639
70517063
72337862
72337859
69413266
61229260
58718052
57354572
72893854
56783644
69896904
70223692
69561662
61630318
59779992
59688322
59573906
45886107
45266226
53982999
53982545
53981667
53981500
53977729
53977217
53976962
53976394
53975865
52676147
52676015
9760899
66638096
72652238
72852660
72523311
72522762
72426495
49745930
40501291
40501262
40501235
40501208
40501180
40231676
40153259
40152944
40152451
40152260
40151982
40151921
40151641
40151529
40151445
72830974
64995778
64995306
60177671
59541980
40537473
40445269
40445146
72696618
72696276
72696272
72696267
72696264
72696258
71874270
71874269
71874266
71874265
71874263
71874183
60924462
64636912
72754087
72231962
73005537
70437715
70745892
33394282
11641915
11641463
10614431
10332515
10169573
9555119
8265623
8176503
8124572
8089559
8070034
30897089
21984434
71381272
70407678
70407044
67422261
67403438
67403187
67402524
67402351
67062266
66192013
66191431
61337305
64497754
70171377
70500682
70325257
70325170
69992499
69992397
69992322
69992237
69992075
72953200
72586781
64941975
64941970
64941964
64895635
73005046
43356392
72249254
72013006
71105051
71168159
72078988
72078948
70004067
70004010
70003924
70003884
70003824
68262454
66036752
65261287
65261199
65261139
64647818
64279392
64279209
41210262
60787069
62907369
62906535
28132874
28129743
28121918
28111605
28105102
28087968
28085350
28057472
28050168
28035934
28032804
27754963
71422875
65173327
63948327
68028820
62745054
30589403
72016201
72014411
59435199
60907624
69889511
71058320
55922807
56503872
64065532
71171560
65710275
64705324
64374867
60368866
72059803
60619310
50799173
50749397
50748696
50748306
50747878
50350872
38946656
38946335
38868947
38868019
38778276
38759223
34620537
62059077
56415174
56406745
71340061
71339887
71339768
71339581
71339390
71338802
71338598
71338456
71338132
71337764
71337555
69759879
73003856
70150784
69541077
69540936
60564185
72782366
71714618
71838681
71777870
71683268
65045070
65045017
65044955
65044920
65044882
41049695
71848039
68485124
68485052
71462745
71249223
71248962
71247548
68283887
68283790
58228457
72216630
43505218
41891139
70841287
70841283
70841279
63580817
63580584
63580199
71358536
68382960
62322036
68280415
72938480
72585222
72401153
72936445
72095177
72872117
70879640
70879333
70879075
70878762
70878529
70878037
70877631
70877514
70877263
70877023
70472635
69630515
66985084
73002812
73002790
72991551
72360555
72312475
71598850
72936726
72936028
72534519
72533234
72531826
72530418
72340773
72340018
71843059
71818043
71265656
71630448
45948554
72766343
72766228
72765710
72765362
72764227
72763952
72391673
72855854
72848727
72746775
72942817
72942750
72366804
54778339
69988989
72569599
72454176
72443857
72665473
72665439
72665396
72664419
72664386
72664114
72597904
73001810
65101466
65101443
65101425
65101417
73001630
22748194
36948917
69734076
61232652
72779544
72601522
71474771
72537320
39518544
38773779
66017385
65301659
65301234
65300502
65300243
65300042
65299835
65299601
65299393
59757852
59754565
52300634
52300370
52300318
51983430
71910313
72936456
72936258
72936014
72935736
72475745
72475604
72475204
72475073
72474378
72309165
72285443
72284997
72283835
72283444
72282189
72281783
71847077
71846450
71841728
71840430
59669435
72727585
72804671
72482958
71996393
49944656
70050804
72977889
72977676
72977470
57482245
72984270
72585282
67103543
53466133
53463563
51043371
48546706
48544739
46189707
64026488
72978228
71496876
71326128
52105651
48957460
73000032
72953738
72010625
71548480
71547501
71042720
71042676
70734750
68279893
66315263
58496609
58454153
58453653
58424292
72999771
70896022
67212925
72999579
72166831
72132558
32265349
69954381
69950356
69829966
72753943
72753705
72753518
72753279
72753005
72725095
72526908
71054149
61741137
68001078
72666129
68995078
63198048
70619049
71213089
54377598
63234565
72998645
68615164
67912837
67556575
72998821
72998818
72998691
72998689
57307371
64930896
72661848
59199446
59198236
44463548
43749290
43519064
43518225
43457718
69994363
69472906
69472678
69364525
69312428
69301798
67294529
72387170
72387162
72514571
71729853
69086250
40624716
33868855
33868060
65819828
63553581
64376445
63384459
63384458
63384456
63384453
63384450
63384448
63383048
63382932
63382260
63382259
63381959
63381360
69217693
57736430
61324309
46465693
72996975
70966110
72750307
72750101
71775633
71775631
71775630
71775628
71774633
71774629
71774621
71769330
35756844
54703346
72996257
71645345
26085814
72626334
72843685
72784170
72596769
72595981
64525447
72842467
72835484
62915898
72995445
71135351
66135582
72723348
39034772
45127094
72994323
65810506
8259233
8257943
62120409
71971273
71971101
71970856
71812531
72719183
51378020
49047433
65701739
70679134
70601452
54519552
71608855
71529352
71221809
71221284
71220965
71220881
69897398
69719023
68821908
67570873
67416070
67081603
72263394
20470675
63795238
72333110
65766790
70894818
72534319
68063380
69383132
67385038
72594270
68158730
71554215
71554045
71553909
71553768
71553650
71553568
71553391
71552628
71551805
52986956
52986830
52986694
52986453
52986316
52986167
33021417
71687516
72991922
72939249
72938217
71386851
45157786
41567322
72790864
70759846
64472303
64247195
26373914
24663718
67471883
67430184
72926139
72739313
37182128
34604789
33737561
32414247
32413463
30462317
27601660
27511819
27503837
72997980
70227240
72819756
72589176
72991124
34314093
34309856
72990828
72884682
72884126
72883199
72882383
72880769
72880268
72879369
72798052
72797283
71243840
71242989
71187965
71187600
71187101
71186609
71136109
69750018
66468667
72990132
72961863
60466295
30111759
69056255
71682439
72275603
72974139
68910011
36712921
72819250
70542372
46898645
64430249
68379586
44210466
72426900
66947236
67230839
64545017
71881593
72990815
72988632
67659857
70989092
72988298
72988282
62808723
62807785
58112369
73003708
73003406
73003247
72444291
72987726
65562198
68147091
71159595
72912078
72911777
72878574
65005715
45801634
72902337
71313253
71312718
72858296
37382031
72285115
72284956
72313460
70312833
24233568
72659636
72659308
72950446
24471762
71664196
69499781
64643055
64640130
28765242
72063783
71277310
71277033
71276844
71272537
71272464
71272382
71272271
71270523
71269380
72986855
72986137
70530392
70530326
63562280
62905563
62760745
62538033
62537716
62498686
62481299
57963674
72175394
47235054
64178748
67249913
72775010
58695033
66884597
66840469
63310420
72857074
72856885
72856761
72856255
58180829
53982898
61828896
72247432
72246971
72647846
35982567
72984511
72886206
62066279
71215807
72984114
71235396
22441461
68484769
72866870
72953094
71707684
71266272
71266162
71266019
71265889
71265457
71265264
71265189
71265043
71264899
72024825
70870430
68500506
58987236
70130622
72982095
69425121
68522710
72983669
72981665
70685244
71573538
72704640
71662820
72770929
72548547
72701780
72162543
70953514
55755203
51972658
48480678
48480572
48480259
48480109
48479624
48479508
48478611
71357734
29650553
29650188
29648497
29647075
29646527
29599630
29599549
29599286
71878411
72795173
72795047
72794994
65764955
39127703
72763292
72976734
72803086
69360787
72975916
69408263
71452075
70796736
72215673
38937741
61262865
72974852
67019265
44518107
71199275
71198642
72770353
67288238
60160606
59929570
59421631
59420851
30680538
72865817
72897473
72978835
72973759
72002110
62057527
72973097
67767539
67767003
71945002
72971746
72439021
69966337
68863994
68678261
70020991
69843490
69843482
69842700
69842133
68718641
68718636
68718619
68718614
68718603
68716395
67977877
67977481
67472581
67186627
72970049
71244890
70433102
68798276
72952681
64677066
67741798
67741633
67741455
67739890
67739666
72967395
72652373
72557398
71700969
72048457
71677752
71675047
37708445
65346932
72965682
59874972
72965357
62659184
72358402
72964273
72900390
29953113
26975583
26798651
26730783
26688130
22540620
72963262
72963174
72718185
49159116
72006839
72612172
72612171
72612170
71496421
72778084
71547478
72961887
72560007
72786067
71978990
68847967
71019770
70173746
43431902
68302298
68301981
68301345
63734210
70055407
72907310
72537888
72961602
72960953
72960503
72959503
72958706
72786307
72786305
72730187
72730177
72730173
72207801
72207798
72207796
72207793
72207790
72207787
72207785
72207781
72207773
72207770
72207768
71620830
71620821
71620783
71620771
53380722
52279669
51590899
51574378
51565420
44935639
40998647
40869487
40698382
40612948
40585057
37957861
67628202
72957486
72956988
72244841
72261287
72261285
72261284
72261283
71579983
71579972
71579905
71579861
71186189
71185977
71185940
65630073
72611021
72317456
70974276
28770860
61954779
72953942
72861027
72953571
37729903
67340466
71805584
71805436
71805288
71805051
71704488
71704174
71703945
71703727
71666339
71617440
71286523
62213806
37118487
72832567
72915631
72503099
65223482
39828653
71520501
66735964
45787519
64196067
72880113
72842688
71216027
35087559
72824094
68808660
49600631
71978463
64855385
70261356
64553814
49679918
63398801
72784236
71162098
72945692
72871941
68844050
72264299
72309693
72944232
72423776
71159533
71159309
70487433
68628104
68627615
68626502
66232334
72641276
72944204
69936635
70878128
72097155
60574007
66034726
56132315
53577281
53363281
52799924
51811291
51732927
51679724
51536500
51111949
50829806
50807727
50535129
49908907
49881365
71433578
71432113
71430845
72154281
61769717
29551773
29547072
72939469
72937908
72937565
72934345
72932436
72932291
72857628
65545886
72778272
26315390
72925607
72925604
71497157
72994422
72994062
72921348
68149682
68018962
72917240
67962454
66896935
72915244
72999414
72991793
72963741
72771476
70461465
70461008
70458104
59680203
72907687
70587001
70586997
72904667
72135473
72135459
72135453
72135446
72135436
72135430
67539158
72901297
72901290
72901280
72901275
38086672
72618272
72597476
71624717
72894413
72584912
71574309
71573958
71573537
72892281
71881558
71877642
71080010
72895864
72895723
72895579
72895471
72894990
72892661
72892515
72892434
72892354
72892242
72892090
72891940
72891668
72891336
72170064
72998485
72998280
72997930
72997563
72997233
72910894
72910367
72909769
72909227
72904846
72903495
72902039
72898787
72897708
72893594
72890692
72890969
72890874
72890670
70723991
72636586
71830834
72044931
70413972
71327162
72814578
72814576
72814575
72814574
72297965
71871861
72878474
72877656
61622060
61621600
61620901
61620589
72875698
71459811
72881775
72881374
72881061
72880841
72880542
72880409
56702358
72716325
72991555
72870071
66273076
65263451
72759553
66572771
72865468
69521699
72863544
71198469
69186668
62330295
72710777
72566930
72554619
72554089
68264513
68201735
67098311
72860414
72859713
72859299
72856426
66760605
72464632
72458463
72458424
72458379
72458329
72458263
72458156
65362860
70842177
70727113
70726924
69280304
72846020
72810106
72645847
72845045
72933990
72816170
72836140
72836046
68366958
65870374
72679997
37215897
72858924
72826510
72826502
72821007
72820824
72820640
65651056
37918989
32578836
72063076
71059627
72811752
66692789
66658148
66564070
66551697
66465664
66415889
62062241
72871619
72804466
72804219
72804106
72803377
72427720
71944983
36589689
71427708
70365062
70365060
70365059
70365043
70365038
34144870
69183389
72797609
38947375
70417537
72206552
67540093
72790828
68786509
72789185
29799919
66648942
66575591
66535863
63399008
72778859
71523506
66048760
72775571
72779163
70445828
70445635
70445456
70445414
70443891
70443832
70443757
66099502
66099254
66099155
66098788
66098134
66069270
65524301
64333602
60244877
56877099
72773973
40647138
72770789
72769841
72762807
69512386
72456782
64859587
72746484
67586979
63720448
72231578
71927745
45812352
45581829
72740365
58312387
59973849
69882662
43055045
70559064
72569485
70738715
72308884
72725496
71372199
67591678
72722584
72721456
72991618
72714429
72714273
72713011
68656245
68653741
68653497
72620173
71864246
71863318
71863052
71862887
71862723
71862650
44592463
72706415
72695234
72694555
72693637
72691228
71484413
72687130
72684903
72683910
72681526
72297243
72676283
72580823
72676117
72619500
72669425
72666875
72665334
70492858
66891906
67101227
72655641
72654331
71931553
71544728
72652108
72649189
71207342
72642980
70711775
72638314
72635142
72249925
72635172
72627330
69218256
68452283
72623783
72723240
72622621
37860152
72616233
72615919
72488279
72425407
70695241
70695104
70694987
69966842
69966749
69966647
69012964
69011956
72594811
65317055
51707568
71275192
72567717
72646259
72564729
72561635
72560853
72558417
71360619
72553039
72551849
61747456
72548291
70945615
72169497
72248811
71310068
72537126
71133396
70825893
72535185
71380285
72527740
72526247
72522114
73000418
73000218
73000021
72998917
72517641
71198060
72512866
71537900
71851924
72505361
72502900
42032395
42031215
63381525
63380592
72459502
72652321
66374787
72472516
72302984
72465968
72448393
72896401
72344735
72427113
72411352
71121057
72403691
72312081
72396394
72394366
71452094
66086238
72388161
68217773
72376395
72367853
72454380
72366617
72366159
72347006
72004307
72335551
72331101
70696358
72319631
54216385
72310560
49733797
72305196
72301802
72301717
72301611
72301432
72290489
72290424
72288460
72261539
72298689
72733175
72289173
71292324
70737979
71754682
67287980
67287892
66051932
70740008
72270573
61419147
61419034
72259336
64331712
43390604
11268004
72238571
24280340
72113872
65902433
72222463
72217414
72215345
66560592
72213687
72212563
72203683
72202407
72197198
72358389
72358188
72190105
69088428
72178004
72170922
72170853
72314689
72313804
72301985
72160579
70896943
58452547
72147341
69511479
69511357
67451610
71638818
71256127
70675669
70675641
70675610
70675578
70659019
70659006
70658994
6332865
72268317
72147093
72087078
72053244
72112572
72111763
72096576
71825462
68837764
27120828
72066696
72066188
72037405
37864852
72751158
71984756
71994013
72942192
72381131
71987860
72030124
71977681
72147582
72142324
25999257
71971562
71961825
62665351
72879750
71244187
71307000
70887026
70886811
71878053
38394671
72675626
71863977
72885086
69671361
72883165
70349686
72366459
63643192
72999376
71568852
39264273
65261055
67910818
40535892
35074037
62906908
72970042
68423256
67240409
71863420
72387174
72925601
72503472
72387180
72925597
72387189
72387156
72925611
72925593
72488404
72527148
72387159
72925609
70749693
71458920
72631451
72895321
66844776
51147128
72311137
71431944
72636846
28114478
58715040
40152154
71960271
62155749
72449805
66780815
72025233
56452660
58737230
72997123
40151768
70478920
40152062
68277368
68276172
68275282
35891077
65301053
72997253
38595839
34787390
62827373
72687000
71481339
71481313
69780997
72741425
65448180
60452802
71292542
25725417
38393006
37333260
44533820
40641103
72583527
61121581
72040219
61035007
71636480
55440676
60966727
73008908
73008889
60653615
61914715
72617725
73009091
60339064
68033866
73009460
72440519
64128847
73009698
70345528
70344735
70343743
69223428
70344328
72447063
72908442
65624568
73010940
71861386
72753144
70659631
70275684
36634101
36563677
36577085
73011826
71621786
72831606
36405991
36404118
73012355
73012267
70848500
70848482
70848067
70847532
67730980
67586173
72290071
71954684
73013022
72068113
72535172
71981259
68965119
73013681
53680288
73014062
71701735
73014289
72711552
73014455
73014520
70236773
71961403
72921526
73015228
71859172
70737651
70737603
70737541
70737460
69150918
72915223
72353237
72352314
72285955
72656956
71979662
73016930
73017695
72940076
73018014
67759817
71588916
72855577
73018580
72307345
63610652
68807820
68807484
59855653
59855461
72199417
65311649
65308655
64235033
73020133
73020459
73020398
73020434
73020573
59822335
71434543
71432405
68718343
73020897
72397137
61790196
60139585
72764088
68095471
68095203
73021515
62774431
68580060
62388941
73022384
73022661
67596977
73022835
73023149
70065566
73023507
73023660
62853693
73024149
63209974
72251261
72043232
72007464
73025986
38581076
73027022
73027590
73027705
73028010
72464350
71211498
72425401
72933288
72537455
73029868
73029831
73029804
69738375
73029790
72889833
73030766
73030740
73030690
73030667
73030644
73030459
73030861
73030832
73031125
73031111
73031101
73031081
73030908
73030848
73030818
73030790
26174918
73031188
73031175
66320737
68081534
72016814
59806705
73032666
73032915
73032759
72755788
72405923
73034041
73034313
73034578
49266748
72693868
73035754
68020073
71268179
70583761
62630180
71977307
73037001
73037187
73037112
73037045
73036930
73036829
73037580
72101369
37965702
62505895
73037965
73038215
32649363
62481174
73038476
70819735
73038725
62503812
73039725
73040061
73040729
19831417
59796916
73041214
73041139
73041324
73041476
70785138
72177662
72436619
73044095
68033492
73044384
73044752
67810092
72566156
47694013
67212289
55725631
55725258
45096348
44682306
72615691
71859091
71858750
71482614
68858376
62137932
62137755
72814981
72286698
72234038
71554065
72927113
71764304
73047484
70240817
69706961
71167785
70452551
73048519
73048724
73048766
73049142
73049141
73049140
73049139
73049558
70519583
72698942
67682487
72705379
72066222
73050619
73051570
63032427
72668303
72668141
72667883
72667861
72667847
72667824
72667624
72667552
72667497
72667466
72413578
72668170
72667527
72667602
73051971
71482165
71160233
71159639
73052363
71568964
73052970
72581986
73053475
72658025
61550353
60897346
72447345
73054063
73054531
73054412
73054969
73054834
73054662
49452917
73055156
73055526
73055508
73055427
73055808
73055655
59057112
54939851
37069784
73056389
73056081
72291156
71495664
73057310
72893009
73057746
73057817
72199381
73058633
73058913
73058988
72614847
69745056
63514248
73059360
72905947
73060530
73060431
73060356
72466869
73060813
73060742
73060603
70116712
73060976
73060910
73061241
71296517
70592889
73062180
62335363
57661424
38670939
70607954
70145523
71809662
70593091
24590620
70031181
67061793
73063026
70608168
73063102
70966274
70718474
72798668
72459925
72996231
72545583
73066023
36403133
36230948
36230903
36185657
36184037
36183833
36113870
36051769
73070011
71886568
70505823
65124110
70238782
73066616
73066615
73066614
73066610
64941983
64941982
64941978
64941971
73070791
36051366
73070996
73071033
73071110
73071193
73071220
73071345
61232480
73071386
72703695
70516565
73071940
73072657
73072706
73073132
72789701
73074421
73074402
73074434
73074527
73074588
72477308
72477249
72585429
73075192
73075366
73075420
73075514
72388881
41454177
73076411
73076554
63466415
73077722
73077932
73077992
73078325
73078259
73078206
73078156
73078104
73078049
73078277
73078389
73079381
73079609
73079691
73079654
68458372
68398768
59409462
71520409
69687456
58189880
73080643
72347952
31423663
66549900
73081310
68083737
72603424
71803239
57697988
73082512
72864170
63339486
36951670
72637911
72523350
72520538
72742423
73084616
63936455
63836820
72431459
44339860
73086868
61134987
73088068
73088025
73088452
73088568
73088710
73088938
73088826
73088919
73089162
73089400
73089724
73089717
64272254
54694384
72232670
73090114
73090889
73091367
72606239
73091896
73092421
73092256
73092671
73092631
73092770
73093055
58758723
73093361
73093271
73093179
73093389
73093307
73093433
72823690
67017205
73094373
73094710
73095419
70114193
56446792
73096423
71825637
71825603
71825580
71825556
71825520
71825482
71825459
71825432
71825148
39361912
73096979
73096936
55453219
70987739
73097796
72469808
73098306
73098488
73098688
73098954
73099092
67983209
73096556
73099864
73100706
73100389
73101604
71695825
71695824
71695821
71695819
73102179
73102214
42187615
42164878
40642349
42164683
42049815
42034788
73034321
41830320
73102910
33989893
73103125
41809728
73103136
42125274
73103619
73103493
71746202
70210851
72860605
73104137
73104734
73104644
73104649
73104816
73104769
73105341
70006960
72574046
72786140
34604804
34604756
73105944
73106265
73106626
73106950
73106869
73107287
73107185
73107091
73107008
73107702
73107550
73107444
73107358
32826602
73107616
73107863
73107994
73107932
73107884
73107811
73108405
73108589
27638505
73108918
73109013
73108986
39656236
73109237
73109463
73109311
73109689
73109894
70469648
73109770
73109929
73109738
73110058
73110270
71646377
73110493
73111001
73111043
73110642
73111276
73111734
73111578
73111525
73111404
27504281
73111896
73112197
73112351
72759464
73113773
72332813
73114381
73114542
73112439
68942868
73115754
68899463
66278318
64677692
61543520
61543271
73117216
73117462
73117507
62014437
73117964
46432424
66008703
73118379
73118482
73118775
73119207
72873665
73119947
73119946
73119945
73119942
73119937
73119936
73119930
73120545
72641487
72463427
73121358
73121479
73121972
73122980
73122866
72401356
63328800
73124503
72573598
72572247
73124666
72875889
73126784
68409156
73127461
73126894
73127613
72344425
73128152
73128377
68924514
73128701
72326754
73128949
73129670
73129650
72519017
36539155
73131259
33511946
33511747
33511618
32911836
73131951
29154007
73132801
73133320
72247617
72245446
73134432
28446173
73135082
73135192
64968067
73137149
73137290
72531819
72216363
73141010
73141156
73142155
73142183
73142251
73143187
72814667
72701740
73144185
71611168
72619215
73145298
73145275
73145216
70671591
42112821
40738122
40604786
73145965
40511332
66999494
67670123
68845219
40483919
73147858
42541126
72737031
72656647
73149330
72833824
62357908
71557568
67153781
70266186
62799390
48191205
73150401
73150419
72903156
73151160
32269886
72445080
32270102
32270545
72499344
73152432
73152280
32271333
32833645
32720034
32379966
32719384
72500946
73153282
72638009
72627795
72626732
72625062
72623485
32717149
72686465
32711643
73153893
67219263
32692232
73154251
32691882
32691234
73154443
73154492
65952667
73154699
73154916
73154925
73155339
73155275
73155619
73155463
73155451
73155775
73155690
73155909
73156220
73156109
67594155
73156637
7786253
73158312
73158787
73158790
72448735
73159466
73159501
73160212
72646115
72695045
73160821
73161262
73161765
73162117
72605348
72605094
73162832
73162584
73162958
73163296
73163377
73163741
72160506
73164362
73161604
73161589
73165265
72198957
73166374
71809414
73166825
72592580
72264762
37968496
73168158
72238090
73170440
73171359
73171733
73172090
73172007
72175464
73172647
73172935
73173307
69650472
73173930
59056960
73175355
72532483
73175727
73176288
59039414
73177572
70180468
70177649
73177914
72485182
70425302
14977734
73178221
60502989
73178775
73179306
73179777
73179995
73180210
73180683
73180681
73180676
73180860
73181430
73181623
73182026
72160887
68571176
73182641
73151157
73151117
71905593
60290550
33757753
73183318
73151075
73183626
73183605
72608863
73184151
73184266
73184362
73184910
72172045
73185312
73185689
73186790
73186522
69312472
73186894
73186850
73187055
73187614
73187444
73187348
73187557
73187797
73187716
73188026
72056532
73060350
69831145
71434338
73079360
73188171
73188218
71356381
73188424
73188315
73188698
73188585
73188518
73188940
73188896
73188765
73189151
73189046
73189003
73189133
53578477
73189454
39786334
37210294
73190278
73190649
73191317
73192101
73191972
70668436
73192764
73193012
73193551
73193729
73193904
73193833
73193786
73194280
73194477
69404283
68724952
68509102
68493298
67458251
65628130
62003329
61888218
61539722
61283214
61197995
61159407
61047919
60996893
73196033
73190057
73197408
41589190
70789486
63715334
63715105
73198495
73198770
73199901
73199910
73200199
73200482
73200882
73201075
73201021
73201663
73202180
73202283
69147871
73202508
73202758
73202776
73202688
73202668
73202899
73202896
73202886
50847216
73203479
73205507
73205517
73205659
73206412
72833573
73207715
73207748
73207878
19463423
73209292
73194850
73209525
61385026
73209729
73210082
73210227
73210225
73210223
73210217
73210213
73210194
73210718
73211434
73211389
73211679
67666695
73211992
73211995
73212392
39491967
73212552
73212674
64320866
73212221
73213926
73214269
72431532
73215081
73215543
73215611
73215675
73215627
73215594
73215919
73215751
73215819
73216120
73216091
72376130
73216148
73216249
73216242
73216231
73216224
73216173
73216213
73216486
73216586
73216697
73217026
66785936
61353009
73217422
73217542
63363278
69018959
72477568
73218911
73218334
73220168
72544759
69153379
73221149
73221542
73221900
73221984
73222266
57738613
71063334
57735045
73224531
72577500
69367722
73224844
73225939
73226601
71409621
73228529
73229203
73229051
73229581
73229595
70787636
51956140
47303886
47303650
47302990
47301792
47301550
73230012
73229966
73230127
73229944
73230419
73231024
73232195
73235231
73236351
73236544
73236660
38981128
72758974
73237342
73237268
73237265
73237263
73237258
73237256
73237254
73237199
60472777
73238204
73239622
73240016
73241324
73241584
73241459
73241483
73241443
73241396
73241361
73241701
73241715
73242479
73242773
73242973
65242268
73244201
73245620
73245996
73246347
73246521
73246828
73246895
73247308
73247180
73248433
73248246
73248477
73248743
58771968
70843261
73249085
73249155
58770706
72763420
73249951
73250074
73250223
73250464
67979103
73253704
69740935
73253556
73253969
73254762
73255583
73255956
61919694
65729637
73257201
73257482
73257935
73258275
73258291
73258493
73258506
73258691
73258807
73258865
73258919
72342877
65939941
69293192
69293278
73261180
73262007
73262173
73262428
73262394
73263102
72367989
71831605
71830141
73263450
73264958
71923286
73267100
73267071
71424394
73267940
73269156
73269151
73269150
73269553
73269584
73269394
73269687
73269729
73269747
73269745
73269856
73269842
73269879
73269865
73270279
73270264
73270316
73270573
73270762
73270790
73270849
72536910
72320223
73271078
73271162
73271145
73271893
73272177
73272420
72487373
73272515
73272644
67803839
73273107
73273119
73274147
73274247
73274453
73275049
73275706
73275676
73276104
73276540
67402647
66191859
73276871
73276859
73277323
71722946
73277615
61580046
73278714
73278850
73279006
73278969
72517535
73280247
73280361
73280840
73278746
73280961
10825382
73281327
72508528
73282379
64173127
73283478
73284331
73284343
72511597
70257410
73285527
73286023
72657117
73287612
73287577
73287565
73287669
73287841
73287798
73287641
73287623
70579469
73288128
73288135
73288152
73288447
73288857
73288637
73288718
73288762
73288979
73288989
73289445
73289530
73289873
73290167
73290245
73290536
73290666
73291262
73291227
73291374
72519139
73291905
73292084
73292086
73292504
69931635
73292608
73292652
73292766
73293233
58424224
73294103
73294278
73294263
73295217
73295091
73295339
73295430
73296376
73297152
29407943
73297524
73298289
69124651
69081298
69065322
73298707
73298865
73299114
29218320
73300104
73301030
27206680
27206504
73302152
73302398
73302843
72626004
73303887
68190646
68190012
68189629
68187880
68187072
73303890
73305150
73305497
73305262
73305239
73305596
73305671
73305942
73305811
73306005
73306094
73306229
73306360
73306187
73306363
73306286
73306584
73306560
71493615
73306831
73306888
69421802
73307745
73307669
73308541
73309745
73309795
73309938
26132167
73310895
73311224
73311281
73311620
73311599
73311656
69244474
73312090
73312901
73312954
73313082
73313392
73313827
73313046
73314596
64040545
73314948
73315387
73315780
64469263
73315952
73316173
68951824
73316561
73316697
73316849
73317058
73317123
73317312
73317480
73317532
73317528
73317682
73317734
73317717
73317675
73317611
73317954
73318378
73318340
73318278
73318223
73318212
73318198
73318186
73318178
73318357
73318735
73319033
73318987
71020318
72870470
72870252
73319422
73319418
73320106
73320656
73320507
73320549
73320913
73321033
73321433
69939462
73321887
68261241
73325018
72451062
72079554
72049158
66239861
73326694
72295940
71994336
71950774
71945512
70182312
73327207
73327248
73327222
73327210
65962001
73327682
73327680
73327649
73327627
73327636
73327697
73327918
73327741
73327726
73328253
73328968
70716752
70716748
70716747
70716745
73329412
73329438
72632385
73330308
60201779
73330898
72356667
72689371
73331348
73331694
73332481
73332587
73333372
73333513
73333510
73333506
73333504
73333497
43803988
73334811
73335033
73335089
73335086
73335082
73335081
66988380
62152310
65822888
73336252
72470904
73337733
73337927
73338010
73338080
73338116
73338206
24996581
73338868
72253870
73339288
73339275
73339963
73340171
73341067
73342160
73342487
73330338
73343144
73343073
15415144
73343357
73343445
73343796
73343695
73344643
73345203
73345332
60708322
73346273
73346266
70923325
73347411
73347841
73348027
73348723
73349119
73349054
37549591
73349951
73349933
73350243
73350480
72773725
73351102
73351156
73351141
69824638
73351595
73351462
73352672
73352748
73353283
73353251
73353261
73353656
73353878
73354269
73354343
73354643
69471178
65171560
73355905
73355820
73357008
69992998
73358452
73358856
61166302
73358845
73359466
73359820
73359797
73360273
73360150
73360151
72457808
73360207
63817477
73360537
73360525
73360336
73360558
73360668
73360845
73360756
73360607
73361041
73361013
73361069
73361130
73362082
73362868
73363154
73363226
73363730
73363635
73363727
73363947
69071873
69065836
68749031
73366056
73361144
27232603
70654205
73366932
73367940
73368179
73368565
73369381
73369336
73369251
73369148
73369046
73368935
73370535
73370974
70266811
59186207
73371625
73373344
73373576
73374152
73374409
73374610
73374955
73375092
73375346
73375492
69558985
73376234
57698051
57698035
27622995
73377152
73377263
73377380
72557312
73378649
73378964
73378932
65731554
73379118
73379306
73379470
73379478
73379839
73380174
73380315
73380439
73382420
73383336
73383579
73384861
57890530
73385052
43363064
64420531
66902123
73385619
73386249
73386619
63750128
73387353
72376432
73388288
73388803
73389278
73390231
22959152
43072285
73392470
72820249
48105627
73393840
73395504
73395823
73396271
73396212
73396490
73396996
73397396
35504967
73398462
73398651
73398959
73398786
73399094
73399202
73399292
73399522
73399497
73399325
73399510
73399651
73399645
73399804
73399750
73399744
73399717
73399754
73399824
73399851
73399932
73400035
73400017
73399999
73399961
73400062
73400453
73400415
73400388
73400314
73400277
73400261
73400249
73400231
73400584
73400510
73400665
73400813
73400779
73400855
73400942
73401045
73401153
73401254
73401238
73401204
73400949
73401286
73401229
73402910
73402889
73402865
73402821
73402729
73403046
73403012
73402990
73402959
73402937
73403175
73403150
73403129
73403100
73403077
73403293
73403275
73403256
73403233
73403204
73403242
73403364
73403475
73403469
73403458
73403509
73403558
73403550
73403539
73403515
73403507
73403498
73403488
73403569
73404279
70488813
73405113
45128187
73405292
73405493
73405568
63456693
73405718
73405710
73405725
59637816
73407626
73408277
73408285
73408682
73408739
73408787
73409333
73409743
56784823
54844238
73410704
73410754
73410745
73410737
73410726
73410720
73410712
73410706
54843924
73410951
73410976
73410963
73410960
73410973
73410979
73410987
73410992
73410995
73411227
73411224
73411669
73411921
43789837
73413069
73413039
73413003
73412967
73413050
73413023
73413417
73413435
34670179
73415158
73415567
70526755
61250821
70526753
73416580
73416767
70526727
73417001
73414177
61140907
73418399
69471940
73418860
73418852
69993981
69473172
73419204
73419403
73419552
73420025
73420938
73421921
73422014
73422118
73422984
49124803
73423398
73423581
73423973
73423990
73424803
73424596
42055492
73426101
73425861
71578538
71578500
71578483
71578447
71578383
71578348
71578320
69801632
69734165
69614193
69614069
69614034
69613988
69613851
69613813
69613738
69613700
69613640
69613603
69613590
73426398
73426610
73426548
73426448
73426815
73427098
71786004
73428467
73428415
73428550
73428800
28446764
73429750
73429565
73429504
73430233
73430472
73431345
73432628
73431486
73431485
73431483
73431480
73434030
73433903
73433852
73434793
53441428
29271703
71156417
67387806
73436291
67921504
64473811
65480312
73437987
73437920
63856322
73439175
73439159
73439477
73439431
60965235
73440009
66940589
60965195
73440546
73440914
73440979
73441001
69427196
68224625
64234036
73441363
60965168
73441742
29271530
73442612
29271460
29271394
73443550
29270674
35117324
55390797
73439554
73444344
55305162
29134425
73444842
29134386
73445193
50884393
73445490
29047494
71668427
29042248
73446486
73446116
73446871
73447139
73447456
73448061
73447983
73448501
73448125
73448777
73448724
73449424
73449343
73450063
73449923
73450149
73449768
73450503
73450477
73450438
73450402
73450382
73450351
73450561
73450540
73450650
73451249
73451153
73451143
73451103
73451072
73451052
73451325
73451869
73451738
73452174
73452208
73452448
73452569
73452489
73452465
73452803
73453020
73452990
73453039
73452850
27199628
73453758
73453787
27199614
71954178
27134185
27133940
73454074
73454458
73454511
58082983
73456089
73456027
73456253
73456169
73456542
73456508
73456493
73457028
73457017
73457380
73457411
73457764
73458177
73459748
73460027
73461569
73444761
73463152
73463569
73463722
73464004
73464288
73464417
73464716
73465165
73465158
73464873
73465200
73465256
73465396
73465549
73465609
73465777
73466272
73466562
73466922
73468170
71100577
73469376
73469564
73469561
73469558
73469683
73470022
73470058
73471744
73471702
73471741
73471729
73471715
73471704
73471690
73471680
73471926
73471887
73471858
73471820
73471808
73471773
73471764
73471758
15369383
73472621
73472666
73472951
73472949
73472914
73472875
73472742
73472705
73472821
73472927
41805822
73473017
73472986
73472966
73473041
73473050
73474109
73474261
73474489
73475407
73475443
73475738
52072979
73476715
73477439
73477525
73477453
73477832
73478035
73478927
73479306
73479803
73480775
73480994
73481072
73481057
73481893
73477012
73484094
73484092
73484090
73484089
73484647
73485024
73485014
73484970
73485105
73485086
73485061
73485278
73485269
73485259
73485240
73485226
73485215
73485203
60847025
44823863
73486319
73486349
73486415
73486592
73487624
62191831
73488139
51556889
73488585
73488451
73488907
73489310
73489452
73489648
73489693
73490426
73490419
73490337
73490632
73490543
73490583
73490810
73490817
73490910
73490914
73491113
73491219
73491751
73492020
73491945
73492015
73492302
73492381
73492300
73492519
73492668
47948377
45379938
45379205
73493034
73493841
70945396
73495599
73495474
73495458
73496079
37844484
73497086
73497262
73498265
73498229
73498226
73498223
73498221
73499146
73499629
73500081
73501497
73501495
73501581
73501769
73501993
73502337
73502805
73503541
73504061
37586152
73505561
64895429
73506305
73506076
73506325
73506207
73506080
73506613
73506506
73506403
73506725
73508029
68774750
30152416
73510412
73510342
28739186
73511638
73511594
73511804
73512195
73512285
73512282
73512729
73512669
73512782
73514810
68167532
73512076
73515291
67221674
73516040
73516430
73517376
73517265
73517627
73517878
73518062
71140451
73518359
73518706
73518778
73519306
73519933
73520426
73520703
73497411
73521277
64147235
73522390
73522853
73523114
73524145
73524113
39291975
73524789
70842433
73527059
69054338
73527361
73528521
73529983
73530247
73530540
73530802
73530996
60007625
73531435
68108436
73532563
73532751
38641520
46398407
73535002
73535323
73536013
67152402
73536665
68475699
73537474
73539400
73539748
73540338
73541133
73541457
73541442
73541426
73541412
73541395
73541387
73541373
73541363
73541329
73541481
73541469
73541493
73541724
73541842
73541830
73541818
73541802
73541784
73541777
73541772
73541750
73541935
73541917
73541910
73541863
73541855
73541945
73541940
73541930
73541920
73541913
73541873
73542200
73542306
73542308
73542916
73543651
73543649
73543642
73543639
73543636
73543630
73543619
73543606
73543594
73543585
73543581
73544086
73544081
73544077
73544076
73544074
73544073
73544072
73544070
73544068
73544066
73544065
73544064
73544061
73544090
73544089
73544087
73544084
73544082
73544080
73544079
73545425
73546007
73547236
73547230
73547228
73547227
73547223
73547217
73547216
73547200
73547194
73547247
73547244
73547240
73547237
73547225
73547218
73547214
73547211
73547210
73547205
73547197
73548487
73549329
73549777
73549746
73549825
73549803
73551051
73551476
73551595
73551986
73552303
73553151
73553300
73553466
73553569
73553651
73556768
62830808
73556967
71918209
71917915
71917554
73557099
73557360
73557486
73558104
36342220
73559576
73560024
73560133
73560344
73560755
73560830
73561069
73561457
52444005
73561883
73562044
73562224
73562426
73562673
73562778
73563145
73563070
42297043
10257458
73563804
73564027
73563953
73563996
73564257
73564966
73566643
73566506
73566515
73567689
73567639
72915304
73568108
73567961
73568529
30106599
30106520
30106317
30105228
30105104
73568415
73568543
73567420
73569045
73569203
73570356
73570705
73570526
73570868
73571410
73571280
73571483
73571726
73572153
73573071
73572875
73572872
73574090
73574507
73574536
73574880
73576310
73108688
73108498
73108783
73575212
73313038
73577500
73577248
70553189
73577517
73577810
73578091
73577964
73577921
73578192
73579406
73579966
73580971
72618153
60982277
73585515
73585514
73585512
73585509
73585933
73586356
73587486
73587656
69843828
66593222
73589284
62513311
70526721
73589939
70526718
73590645
70526715
73590661
70526708
73591344
70526705
70526704
66907724
69761343
70526703
70526702
73594097
73594303
73594607
73594583
73595292
73595507
71767323
73599268
73599614
51020761
73600363
73600474
73600614
66449020
73601466
73601543
73601854
73601932
73602253
73602382
73602329
73602328
73602326
73602325
73602324
73602321
73602320
73602317
73602315
73602310
73602309
73602308
73602307
73602304
73602301
73602298
73602354
73603228
73603187
67919155
73605963
73605879
73608371
73608498
73609049
73610642
73611763
73611919
73612568
73612923
71176105
73613697
73614001
73614054
73614588
73614856
73614850
73598623
73616262
73616407
73616432
73616422
73616450
73617329
73618847
71871434
59656189
72698371
73622127
52074077
71178241
16833660
70316118
73625047
73624961
42054703
73625819
73625952
73626642
73627330
16067113
56596986
66342411
73628636
73629038
64636194
73629002
73629717
73630223
73630500
48544080
73632476
73632677
73632900
73632931
73632783
73633188
73633031
73633035
73633285
73633963
73634445
73634865
73635193
36106916
73630862
73635951
73635808
73636243
73636158
73636416
73636326
73636532
73636812
62852076
73638096
73638682
73638934
73639244
69471267
73640924
73640900
73641868
73641847
69784040
73643061
73643963
63677001
70513081
73643708
73644294
73644494
73645095
73645881
73645714
73646003
73646722
73646667
73646791
73646798
72723583
73649324
73650938
73651904
66565687
73652612
73652741
73653454
36462085
73654606
73654523
73654976
70526701
73655454
70526700
70526699
66470053
70526695
73656269
70526694
73656464
66442549
73656602
73656782
51124935
73656953
73657273
70526692
69029358
73657452
73657574
73657643
73657909
70181067
73658770
73659193
73659698
73660098
73660504
73660387
73660811
73660721
73661161
73661118
73661485
73661637
73661861
73662245
73662421
73662503
73662889
73663216
73663401
73663261
73663314
73663515
73663659
73663814
73664312
73664557
73664740
73664937
73665391
73665754
73665744
73665809
70660820
73665956
73666200
73666783
73666830
73667085
73667441
73668442
73668563
73668743
73668893
73670521
70723860
73670792
73670885
67579296
67579237
67579226
67579107
73671296
73672082
22539586
73673320
73673490
73673479
73673834
73674105
73675417
73676169
73676384
71702519
29041904
73676984
66340350
73677564
61700868
73678137
15631184
73679406
28926893
73680667
73681169
73681470
73681685
73681800
73681900
73682484
65414265
46798569
73685321
73685782
73685762
73686717
73687328
73687624
73687721
73687793
73687785
73687873
73687942
73688055
73688036
73688097
70679229
73688579
73688713
73688923
73689072
73687666
71203769
73689391
73687692
73690126
73691043
73691483
73692174
73692169
73692166
73692161
73692333
73692308
73692275
73692248
73692227
73692192
73692512
68577391
68300387
16067487
73693661
61293970
73696669
62430559
73698367
73698727
64941965
73699173
64892952
73699436
73699383
73699853
62906193
73701442
71896552
73702581
73702857
73634452
73703909
73705851
73705635
73707448
73708351
73709973
73710511
73710969
73713575
73714060
70696682
73716434
73716425
73716313
60370261
73716648
73716784
73716879
73716967
73717173
73717166
73717081
73717462
73709476
73709809
73709780
73709747
73709724
73709686
73709652
73709620
73709599
73709566
73709545
73709521
73709500
73717834
73717968
72160703
73718378
73719463
73720243
73720920
73720993
73721221
73721373
73721284
25427728
73721966
73722183
73722642
73723557
73723551
73723548
73723541
73723569
73723566
73723792
73724179
73725053
73725466
73726065
73726007
73726326
64741710
73726821
73727476
73728793
73729360
73729256
73729146
73729493
73729932
73730250
73730510
73730595
73731100
73731596
73731634
73733026
73733057
73733047
73733039
73733033
73733028
73733023
73733849
73733923
73733897
73734197
38401102
38395246
73734471
69796923
73735759
59773750
71230516
73736086
73736349
